2
46
92
136
158
166
241
269
350
497
509
515
536
731
793
825
863
990
1078
1079
1084
1234
1255
1382
1393
1530
1564
1656
1669
1747
1776
1859
2051
2586
2736
2845
3007
3583
3731
3888
3922
4100
4171
4195
4208
4382
4448
4471
4700
4706
5345
5492
5551
5730
5754
5800
5821
5858
5896
5962
6354
6444
6465
6588
6622
6794
6838
6909
7131
7334
7509
7752
7775
7964
8123
8194
8263
8670
8714
8872
8894
9058
9195
9211
9229
9499
9518
10050
10201
10313
10342
10374
10849
10859
10896
10999
11018
11020
11222
11291
11314
11349
11372
11623
11688
11763
12087
12662
12680
12700
12716
12928
12939
13032
13087
13383
13777
14273
14308
14498
14904
15086
15382
15471
15607
15719
16214
16248
16499
16676
16775
16817
16912
16956
16986
17150
17741
17855
17992
18109
18150
18302
18364
18368
18444
18787
19347
19354
19379
19443
20001
20091
20207
20557
20816
20934
20993
21322
21328
21422
21619
21705
21707
21850
21915
22123
22124
22183
22510
22670
22987
23216
23225
23286
23361
23386
23467
23490
23594
23712
23939
23998
24147
24436
24499
24538
24542
24715
24801
24862
24888
25509
25533
25565
25757
25825
25990
26135
26251
26270
26461
26725
26850
26871
27254
27353
27689
27790
27918
28331
28429
28495
28551
28576
28953
29120
29379
29411
29497
29536
29542
29591
29630
29882
30374
30580
30655
30700
31169
31386
31781
31821
31840
31870
31887
32072
32116
32130
32145
32378
32539
32614
32738
32740
32760
32925
33178
33200
33728
33906
34209
34226
34373
34407
34863
34991
35275
35294
35299
35341
35791
35809
35947
36290
36401
36484
36826
36830
36970
37435
37727
37881
38067
38136
38204
39235
39398
39719
39884
39984
40105
40144
40172
40261
40309
40319
40327
40371
40573
40667
40786
41292
41749
41918
42102
42135
42169
42530
42555
42968
43048
43421
43538
43557
44115
44826
44827
44854
45155
45902
45972
46146
46297
46313
46480
46880
46891
47014
47464
47803
48025
48040
48097
48653
48717
48869
48974
49002
49131
49383
49468
49589
49639
49665
49817
50013
50054
50235
50265
50453
50488
50806
50856
50926
51255
51694
51718
52567
52760
52816
52841
52899
53180
53455
53580
53612
53691
54012
54263
54268
54324
54682
54693
55037
55170
55259
55304
55620
55666
55703
55729
55920
56001
56022
56598
56667
56724
57080
57322
57395
57889
57935
58082
58189
58525
58558
58726
59006
59030
59463
59601
59703
59789
59906
59938
60261
60340
60407
60751
60909
60931
60993
61123
61530
61564
61579
61919
61932
62173
62193
62556
63302
63584
63633
63647
63773
64132
64171
64259
64648
64796
64912
66724
66930
67190
67629
67660
67963
68138
68184
68247
68364
68471
68522
68729
69234
69238
69247
69292
69640
69758
69857
69996
70107
70304
70343
70636
70741
70886
71315
71372
71425
71435
71547
72218
72499
72542
72730
72821
72861
73122
73269
73440
73637
74167
74551
74684
74808
75478
75734
75745
75798
76053
76242
76401
76410
76497
76539
76558
76620
76650
76654
77044
77105
77393
77464
77852
77903
78290
78370
78791
78914
79244
79293
79321
79746
79851
79929
80367
80778
80813
80835
80856
81202
81265
81399
81774
81790
81982
81997
82069
82356
83067
83089
83239
83263
83537
84095
84412
84715
84776
85016
85543
85893
85982
86008
86264
86271
86284
86291
86298
86302
86307
86312
86322
86338
86342
86347
86354
86360
86377
86378
86379
86386
86389
86393
86403
86408
86425
86428
86442
86445
86446
86461
86480
86483
86493
86509
86529
86533
86537
86542
86552
86597
86610
86614
86658
86699
86700
86743
86744
86753
86762
86764
86771
86781
86786
86799
86805
86810
86813
86814
86817
86820
86840
86842
86848
86856
86864
86871
86878
86905
86913
86928
86947
86948
86951
86957
86977
86979
86986
86991
86993
86999
87002
87016
87026
87038
87040
87042
87044
87048
87052
87069
87074
87083
87088
87089
87109
87112
87113
87138
87151
87164
87168
87174
87188
87191
87205
87218
87231
87234
87249
87253
87268
87287
87294
87302
87304
87310
87311
87339
87351
87394
87417
87419
87434
87439
87445
87449
87461
87490
87497
87505
87525
87531
87539
87553
87555
87556
87557
87558
87569
87573
87582
87588
87592
87593
87599
87635
87640
87641
87657
87660
87682
87705
87708
87724
87730
87750
87763
87766
87775
87783
87795
87797
87822
87823
87827
87847
87863
87864
87873
87875
87881
87910
87911
87915
87919
87949
87950
87951
87965
87972
87976
87985
87992
88007
88018
88037
88041
88046
88048
88079
88088
88089
88094
88099
88102
88105
88106
88121
88123
88133
88178
88179
88184
88228
88245
88248
88249
88252
88267
88274
88285
88292
88297
88303
88312
88319
88321
88331
88338
88340
88364
88373
88379
88380
88387
88392
88398
88402
88405
88406
88407
88417
88418
88427
88434
88435
88465
88470
88473
88479
88482
88484
88489
88490
88491
88495
88500
88508
88511
88514
88517
88552
88554
88571
88581
88585
88587
88589
88595
88620
88622
88636
88655
88656
88657
88666
88676
88677
88684
88690
88714
88719
88731
88735
88747
88782
88794
88807
88810
88824
88845
88857
88858
88866
88867
88878
88880
88888
88896
88903
88905
88909
88929
88958
88976
88993
89017
89025
89039
89045
89058
89065
89074
89079
89087
89094
89099
89106
89108
89119
89124
89135
89137
89138
89151
89163
89175
89186
89198
89207
89211
89219
89223
89228
89230
89233
89238
89246
89255
89257
89278
89300
89303
89323
89336
89347
89351
89352
89356
89362
89363
89365
89366
89374
89377
89384
89392
89427
89431
89453
89454
89467
89486
89493
89497
89502
89511
89512
89516
89524
89528
89549
89561
89571
89574
89579
89587
89591
89594
89597
89599
89600
89610
89612
89613
89617
89626
89627
89633
89641
89653
89658
89669
89676
89697
89707
89713
89720
89723
89735
89736
89741
89761
89768
89784
89790
89791
89809
89818
89829
89838
89840
89850
89851
89853
89860
89865
89866
89869
89870
89885
89920
89921
89922
89943
89945
89954
89956
89958
89959
89962
89970
89976
89988
89989
89994
89996
90003
90008
90009
90018
90039
90057
90059
90063
90100
90107
90110
90117
90121
90122
90132
90133
90134
90150
90182
90186
90187
90195
90198
90201
90204
90205
90214
90217
90225
90243
90246
90251
90264
90265
90268
90274
90279
90283
90295
90303
90306
90307
90318
90332
90334
90337
90342
90343
90347
90352
90363
90364
90367
90368
90384
90400
90401
90404
90418
90427
90429
90430
90431
90436
90452
90455
90467
90478
90489
90490
90491
90496
90502
90507
90509
90513
90514
90518
90527
90534
90557
90563
90565
90575
90576
90581
90587
90590
90593
90594
90601
90628
90636
90646
90671
90672
90686
90688
90701
90748
90757
90758
90759
90764
90769
90779
90781
90783
90793
90799
90809
90820
90835
90847
90850
90869
90879
90881
90882
90894
90897
90898
90905
90912
90915
90927
90931
90948
90950
90959
90964
90966
90971
90976
90981
90986
90987
90990
90998
91002
91005
91007
91020
91021
91022
91024
91031
91042
91045
91049
91060
91066
91067
91069
91081
91084
91099
91102
91106
91108
91121
91123
91133
91137
91147
91150
91166
91175
91199
91204
91224
91243
91246
91250
91258
91264
91266
91281
91286
91290
91296
91306
91309
91316
91335
91342
91348
91365
91382
91397
91398
91403
91409
91429
91431
91432
91443
91447
91454
91471
91486
91488
91496
91503
91505
91519
91540
91545
91567
91572
91580
91583
91598
91599
91601
91619
91622
91627
91631
91638
91642
91647
91663
91678
91683
91691
91696
91703
91704
91714
91721
91727
91737
91738
91746
91758
91764
91768
91777
91781
91783
91790
91817
91858
91872
91880
91884
91904
91915
91919
91924
91929
91931
91941
91949
91950
91982
91994
91998
92021
92038
92041
92052
92053
92058
92071
92073
92075
92082
92084
92118
92124
92130
92132
92135
92173
92182
92186
92216
92227
92234
92242
92264
92294
92295
92297
92304
92336
92338
92339
92389
92395
92400
92406
92410
92418
92441
92466
92467
92468
92477
92485
92486
92495
92516
92519
92528
92537
92539
92547
92551
92553
92557
92579
92580
92596
92600
92604
92611
92617
92627
92637
92638
92653
92662
92663
92675
92678
92683
92692
92714
92727
92728
92729
92734
92773
92777
92778
92799
92811
92822
92823
92827
92832
92835
92844
92849
92860
92871
92876
92877
92879
92902
92904
92915
92917
92932
92975
93001
93002
93009
93013
93015
93017
93024
93034
93051
93059
93062
93063
93068
93072
93076
93099
93100
93137
93150
93163
93164
93185
93194
93201
93202
93207
93216
93220
93225
93226
93234
93243
93250
93253
93254
93258
93263
93264
93265
93269
93270
93283
93284
93287
93296
93303
93314
93321
93339
93345
93349
93354
93357
93362
93364
93369
93371
93372
93374
93375
93378
93394
93397
93403
93405
93406
93408
93419
93423
93440
93453
93461
93497
93498
93502
93506
93522
93530
93542
93549
93562
93563
93585
93587
93593
93594
93598
93605
93613
93614
93618
93630
93633
93640
93659
93663
93670
93672
93677
93704
93707
93711
93717
93720
93728
93732
93743
93744
93748
93750
93753
93757
93760
93764
93766
93768
93770
93771
93773
93774
93791
93793
93795
93816
93829
93832
93836
93839
93840
93841
93847
93863
93865
93872
93873
93875
93882
93897
93898
93902
93903
93910
93911
93913
93915
93922
93930
93935
93940
93943
93950
93951
93962
93966
93970
93978
93982
94000
94017
94018
94027
94037
94041
94047
94048
94051
94068
94069
94074
94099
94112
94118
94125
94132
94133
94140
94147
94151
94166
94174
94175
94202
94211
94221
94241
94256
94261
94266
94275
94284
94293
94306
94313
94317
94337
94342
94355
94374
94378
94386
94388
94399
94400
94401
94406
94412
94422
94437
94439
94445
94450
94451
94452
94455
94473
94478
94479
94482
94483
94484
94487
94501
94542
94545
94549
94580
94584
94601
94613
94627
94628
94648
94649
94667
94674
94684
94689
94708
94722
94734
94740
94745
94759
94763
94774
94780
94797
94799
94809
94815
94819
94822
94823
94824
94833
94838
94848
94852
94855
94873
94881
94883
94904
94909
94913
94919
94926
94930
94932
94933
94938
94941
94951
94953
94956
94969
94970
94983
94985
94987
94992
94994
95002
95004
95018
95025
95028
95050
95055
95064
95071
95076
95092
95106
95107
95109
95121
95123
95134
95137
95143
95149
95162
95166
95175
95189
95195
95196
95206
95209
95217
95218
95222
95242
95243
95247
95266
95268
95276
95279
95280
95282
95285
95297
95300
95311
95312
95315
95320
95328
95339
95340
95372
95378
95381
95388
95391
95394
95395
95397
95401
95414
95419
95421
95423
95426
95427
95433
95436
95443
95445
95450
95469
95508
95535
95537
95539
95551
95554
95563
95582
95586
95600
95602
95607
95609
95615
95617
95619
95648
95649
95652
95663
95668
95686
95688
95692
95710
95711
95726
95738
95740
95760
95770
95777
95793
95796
95809
95817
95824
95847
95849
95854
95860
95885
95886
95889
95899
95904
95918
95920
95928
95945
95966
95967
95968
95991
96004
96023
96027
96035
96037
96050
96103
96105
96109
96110
96111
96118
96152
96174
96180
96232
96239
96244
96247
96255
96258
96262
96265
96267
96270
96276
96281
96327
96339
96348
96365
96378
96383
96385
96389
96397
96422
96429
96436
96445
96453
96455
96459
96479
96508
96523
96541
96545
96551
96559
96560
96565
96567
96572
96580
96592
96620
96632
96639
96649
96663
96667
96672
96676
96687
96690
96691
96702
96714
96717
96718
96727
96730
96731
96732
96741
96754
96755
96756
96762
96766
96771
96776
96779
96791
96792
96793
96804
96813
96814
96830
96842
96849
96855
96868
96874
96875
96881
96882
96883
96896
96909
96916
96944
96961
96963
96972
96977
96997
97004
97005
97012
97017
97036
97045
97055
97057
97058
97066
97073
97075
97093
97103
97120
97132
97150
97160
97161
97168
97170
97175
97178
97186
97188
97189
97190
97196
97206
97207
97216
97218
97225
97234
97236
97241
97249
97257
97260
97264
97271
97278
97283
97286
97291
97299
97305
97308
97314
97335
97338
97342
97343
97355
97357
97367
97381
97385
97392
97408
97417
97424
97430
97434
97448
97454
97456
97465
97473
97477
97495
97496
97497
97505
97506
97516
97518
97532
97546
97565
97566
97585
97623
97641
97643
97648
97662
97672
97688
97695
97711
97712
97713
97718
97720
97727
97734
97736
97738
97774
97776
97784
97795
97797
97802
97813
97817
97823
97834
97851
97856
97860
97873
97885
97887
97895
97908
97909
97916
97917
97920
97926
97936
97953
97957
97964
97967
97969
97973
97984
97989
98019
98021
98028
98034
98084
98099
98105
98113
98115
98119
98126
98134
98136
98145
98150
98156
98158
98161
98162
98172
98174
98191
98236
98237
98242
98243
98249
98253
98256
98264
98272
98281
98303
98329
98340
98356
98365
98397
98414
98423
98428
98451
98459
98465
98466
98473
98479
98481
98492
98497
98499
98508
98516
98528
98545
98569
98571
98586
98592
98596
98606
98611
98645
98663
98664
98673
98680
98692
98701
98702
98722
98733
98734
98738
98753
98766
98771
98773
98780
98782
98792
98821
98832
98837
98839
98846
98848
98859
98873
98876
98881
98892
98894
98896
98897
98911
98936
98938
98947
98949
98955
98971
98974
98977
98983
98993
98995
99021
99034
99043
99054
99060
99062
99064
99070
99083
99089
99110
99112
99117
99151
99155
99158
99160
99161
99162
99173
99180
99184
99191
99199
99200
99210
99213
99218
99229
99257
99259
99261
99272
99276
99279
99284
99286
99301
99303
99304
99320
99327
99329
99332
99345
99354
99365
99382
99386
99402
99419
99427
99432
99436
99438
99440
99457
99465
99468
99478
99481
99486
99501
99509
99513
99517
99519
99538
99541
99548
99552
99566
99567
99576
99636
99663
99675
99688
99692
99695
99697
99731
99740
99742
99761
99762
99775
99777
99784
99785
99807
99816
99826
99827
99846
99860
99865
99867
99876
99886
99902
99914
99918
99928
99929
99930
99955
99959
99963
99997
100006
100007
100009
100020
100029
100032
100041
100043
100049
100053
100056
100083
100103
100109
100116
100132
100134
100149
100157
100161
100163
100166
100168
100189
100205
100207
100208
100209
100216
100217
100225
100226
100238
100239
100241
100242
100243
100267
100272
100275
100276
100288
100289
100303
100310
100315
100323
100347
100359
100365
100382
100386
100396
100398
100401
100405
100407
100409
100411
100414
100419
100425
100441
100449
100474
100476
100485
100492
100501
100505
100507
100519
100530
100531
100540
100564
100581
100585
100598
100604
100613
100623
100628
100631
100646
100650
100659
100676
100684
100690
100708
100717
100722
100729
100740
100766
100771
100806
100812
100813
100818
100828
100836
100854
100859
100862
100863
100866
100869
100877
100880
100895
100903
100911
100914
100917
100928
100954
100969
100987
100989
100999
101008
101013
101016
101017
101025
101028
101033
101034
101043
101045
101053
101054
101061
101062
101067
101071
101073
101075
101084
101098
101109
101117
101118
101126
101127
101143
101147
101150
101152
101161
101166
101167
101180
101196
101200
101213
101215
101227
101262
101275
101276
101278
101306
101307
101317
101319
101321
101322
101323
101335
101340
101357
101367
101372
101397
101417
101422
101425
101432
101439
101441
101452
101458
101470
101486
101490
101499
101500
101502
101511
101533
101544
101549
101568
101576
101584
101587
101614
101616
101635
101647
101661
101672
101684
101685
101687
101692
101699
101703
101709
101732
101749
101753
101763
101765
101771
101778
101795
101802
101826
101829
101831
101832
101833
101835
101838
101839
101850
101865
101908
101932
101937
101938
101943
101960
101965
101968
101978
101982
101984
101994
101999
102008
102023
102029
102032
102049
102050
102053
102074
102075
102081
102106
102115
102118
102123
102141
102145
102160
102166
102178
102179
102205
102207
102217
102227
102233
102244
102269
102284
102287
102298
102308
102316
102317
102340
102350
102360
102363
102366
102370
102376
102385
102401
102414
102419
102427
102428
102429
102433
102444
102448
102449
102458
102467
102484
102487
102503
102511
102513
102514
102515
102520
102529
102542
102543
102552
102554
102580
102582
102593
102609
102619
102642
102648
102651
102654
102655
102675
102676
102681
102694
102716
102717
102718
102729
102740
102743
102744
102746
102756
102758
102760
102762
102769
102776
102782
102785
102791
102795
102804
102806
102809
102816
102819
102820
102826
102830
102834
102836
102844
102852
102857
102866
102870
102891
102908
102909
102913
102918
102925
102989
102997
103005
103024
103026
103030
103038
103039
103043
103044
103047
103059
103086
103088
103103
103115
103116
103132
103137
103147
103151
103154
103160
103180
103183
103188
103213
103215
103219
103231
103233
103256
103257
103265
103278
103284
103290
103292
103306
103315
103317
103320
103321
103330
103331
103335
103336
103337
103340
103350
103355
103360
103361
103372
103388
103393
103427
103442
103445
103446
103456
103460
103464
103465
103480
103491
103493
103498
103504
103515
103536
103548
103552
103559
103566
103581
103588
103591
103602
103609
103612
103621
103625
103632
103646
103655
103661
103665
103673
103685
103687
103708
103711
103714
103720
103726
103738
103770
103788
103803
103816
103825
103828
103830
103836
103838
103842
103857
103862
103865
103868
103872
103879
103891
103897
103898
103907
103913
103935
103939
103948
103953
103958
103960
103968
103969
103971
103990
103998
104002
104005
104012
104017
104025
104035
104037
104047
104049
104051
104053
104059
104063
104103
104110
104111
104119
104126
104140
104143
104145
104153
104157
104158
104168
104177
104181
104184
104185
104190
104193
104196
104212
104215
104230
104237
104243
104247
104249
104250
104258
104262
104274
104277
104280
104286
104289
104294
104295
104314
104322
104326
104329
104337
104341
104342
104348
104349
104352
104367
104374
104378
104383
104392
104399
104414
104416
104417
104431
104465
104469
104479
104484
104486
104487
104505
104526
104532
104543
104545
104546
104552
104558
104567
104576
104583
104592
104595
104609
104617
104629
104641
104647
104662
104673
104683
104686
104692
104699
104700
104702
104728
104729
104744
104745
104753
104758
104759
104769
104770
104776
104786
104789
104811
104820
104825
104826
104830
104833
104858
104866
104870
104872
104886
104898
104899
104902
104904
104907
104929
104930
104942
104953
104954
104965
104984
104990
104993
104995
105007
105025
105026
105028
105081
105085
105086
105090
105096
105098
105110
105111
105119
105123
105126
105148
105156
105177
105179
105183
105186
105187
105188
105189
105194
105198
105243
105264
105282
105287
105299
105309
105325
105331
105333
105347
105359
105370
105383
105390
105394
105404
105411
105427
105432
105438
105471
105472
105489
105496
105505
105506
105518
105520
105521
105529
105530
105531
105538
105543
105548
105556
105567
105570
105580
105582
105583
105588
105592
105603
105631
105633
105636
105638
105643
105654
105658
105661
105662
105666
105681
105690
105694
105699
105711
105721
105729
105734
105746
105759
105776
105778
105780
105787
105800
105802
105805
105807
105813
105820
105830
105840
105842
105845
105847
105849
105856
105872
105879
105883
105884
105888
105898
105917
105931
105933
105939
105955
105962
105970
105973
105988
106000
106003
106011
106020
106030
106036
106039
106040
106045
106046
106053
106057
106069
106070
106072
106102
106116
106118
106124
106130
106131
106141
106146
106149
106152
106155
106157
106171
106172
106176
106184
106199
106210
106211
106221
106225
106232
106242
106250
106267
106279
106308
106323
106331
106332
106334
106347
106348
106349
106351
106352
106353
106362
106377
106378
106385
106394
106405
106408
106414
106418
106422
106424
106441
106487
106515
106522
106524
106525
106532
106560
106573
106582
106597
106604
106640
106661
106665
106692
106737
106748
106768
106769
106790
106835
106843
106849
106876
106878
106883
106924
106928
106965
106975
106984
106987
107029
107041
107052
107058
107062
107083
107085
107107
107114
107133
107134
107137
107147
107156
107207
107209
107213
107229
107236
107238
107239
107240
107284
107289
107305
107306
107325
107330
107343
107356
107367
107387
107400
107415
107451
107462
107465
107480
107489
107495
107520
107546
107565
107573
107585
107621
107623
107643
107647
107688
107706
107718
107733
107739
107779
107787
107815
107833
107845
107846
107871
107887
107896
107910
107942
107943
107952
107955
107969
108039
108069
108092
108095
108119
108124
108163
108165
108178
108194
108245
108264
108275
108287
108318
108326
108358
108362
108371
108404
108417
108433
108448
108456
108460
108461
108492
108495
108496
108514
108522
108546
108554
108574
108603
108608
108615
108619
108668
108694
108714
108719
108819
108860
108870
108875
108876
108880
108881
108890
108892
108899
108908
108919
108920
108934
108937
108959
108972
108987
108996
109035
109059
109067
109070
109072
109076
109094
109114
109144
109152
109171
109191
109195
109211
109213
109221
109222
109223
109225
109229
109231
109241
109242
109249
109250
109254
109279
109283
109284
109308
109323
109334
109363
109369
109395
109396
109423
109424
109434
109473
109480
109481
109484
109487
109489
109495
109545
109549
109587
109618
109621
109677
109685
109699
109714
109744
109748
109762
109765
109780
109788
109800
109813
109844
109847
109852
109853
109862
109868
109875
109905
109919
109950
109961
109967
110031
110033
110043
110074
110091
110101
110107
110110
110141
110153
110156
110184
110191
110218
110223
110224
110247
110248
110251
110275
110278
110281
110291
110293
110297
110299
110303
110306
110326
110335
110346
110354
110356
110364
110380
110419
110452
110455
110461
110462
110508
110532
110537
110543
110551
110559
110561
110564
110590
110599
110611
110618
110626
110641
110650
110656
110664
110705
110723
110733
110737
110741
110753
110762
110781
110784
110802
110841
110842
110857
110875
110876
110887
110946
110973
110978
111001
111045
111048
111053
111056
111085
111087
111093
111105
111124
111149
111169
111186
111193
111244
111272
111287
111312
111341
111378
111409
111417
111422
111435
111444
111445
111477
111487
111489
111493
111504
111518
111536
111542
111547
111560
111565
111585
111600
111617
111619
111624
111642
111652
111658
111671
111706
111716
111751
111788
111820
111827
111857
111866
111873
111887
111913
111942
111945
111949
111955
111974
111978
111981
111998
112000
112048
112055
112066
112073
112081
112098
112100
112114
112149
112150
112171
112178
112179
112193
112200
112212
112215
112224
112226
112243
112244
112254
112276
112284
112286
112303
112309
112312
112327
112363
112366
112371
112378
112433
112453
112456
112468
112487
112492
112493
112506
112516
112519
112536
112547
112554
112559
112574
112578
112580
112582
112598
112600
112603
112604
112612
112620
112622
112630
112632
112634
112671
112698
112710
112715
112717
112763
112784
112796
112799
112804
112810
112820
112823
112827
112841
112878
112896
112918
112920
112934
112939
112947
112956
112969
112995
113009
113013
113041
113057
113075
113096
113108
113144
113147
113159
113190
113197
113212
113214
113218
113226
113254
113255
113274
113284
113287
113295
113312
113326
113333
113343
113356
113367
113368
113385
113386
113403
113425
113426
113455
113468
113532
113540
113550
113557
113558
113592
113593
113612
113625
113629
113632
113637
113646
113664
113671
113691
113695
113698
113699
113702
113739
113750
113788
113810
113841
113844
113880
113888
113893
113899
113956
113962
113966
113974
113987
114011
114013
114092
114106
114140
114146
114149
114153
114156
114178
114184
114191
114192
114235
114245
114265
114268
114299
114303
114307
114330
114349
114366
114377
114378
114390
114394
114396
114404
114408
114413
114423
114425
114449
114464
114482
114493
114496
114497
114507
114539
114544
114559
114567
114572
114576
114587
114615
114620
114625
114655
114670
114691
114692
114700
114701
114703
114709
114715
114736
114745
114748
114768
114780
114784
114793
114802
114809
114822
114841
114849
114853
114868
114872
114877
114880
114882
114888
114899
114923
114927
114942
114949
114964
114967
114969
114994
115008
115013
115045
115061
115074
115076
115077
115083
115084
115112
115125
115149
115169
115171
115180
115200
115210
115223
115225
115246
115249
115270
115303
115304
115310
115326
115351
115353
115361
115394
115397
115435
115440
115471
115493
115495
115499
115503
115521
115543
115583
115589
115594
115614
115619
115636
115639
115667
115668
115698
115706
115710
115743
115771
115779
115783
115802
115812
115900
115903
115926
115928
115945
115949
115964
115971
115980
116007
116033
116034
116035
116063
116064
116068
116069
116083
116089
116187
116208
116248
116258
116264
116276
116285
116298
116327
116329
116336
116356
116369
116384
116390
116396
116400
116414
116423
116429
116437
116438
116447
116455
116458
116466
116485
116513
116535
116557
116560
116561
116583
116588
116613
116618
116620
116625
116655
116683
116700
116704
116724
116727
116734
116735
116755
116782
116792
116793
116797
116807
116809
116812
116813
116822
116829
116832
116834
116836
116853
116906
116908
116910
116915
116922
116947
116952
116968
116971
116993
117012
117018
117041
117103
117119
117126
117127
117161
117178
117185
117188
117244
117271
117284
117324
117335
117337
117374
117401
117434
117452
117463
117466
117499
117546
117551
117554
117577
117593
117605
117609
117639
117645
117662
117685
117701
117721
117731
117740
117751
117755
117766
117767
117780
117799
117819
117839
117862
117874
117881
117906
117913
117915
117916
117926
117930
117931
117938
117940
117960
117983
117984
117985
117988
117989
118011
118037
118057
118106
118128
118157
118181
118183
118184
118193
118197
118202
118204
118206
118212
118222
118240
118259
118265
118289
118301
118305
118319
118340
118344
118367
118371
118408
118417
118421
118424
118432
118433
118436
118437
118453
118454
118480
118491
118501
118530
118534
118537
118554
118557
118562
118575
118587
118592
118613
118619
118634
118636
118639
118659
118691
118726
118729
118742
118756
118765
118767
118770
118815
118836
118843
118849
118853
118856
118891
118896
118901
118912
118913
118917
118919
118930
118944
118956
118962
118965
118966
118979
118992
119010
119016
119020
119023
119024
119030
119032
119045
119082
119108
119110
119124
119132
119142
119146
119149
119159
119180
119192
119212
119215
119217
119237
119238
119239
119263
119266
119279
119287
119303
119307
119308
119312
119322
119361
119395
119400
119403
119432
119449
119451
119488
119492
119497
119501
119506
119516
119518
119542
119544
119545
119547
119548
119551
119557
119560
119561
119564
119570
119580
119586
119594
119596
119614
119628
119644
119659
119662
119663
119676
119686
119690
119708
119711
119718
119722
119728
119743
119754
119760
119771
119772
119776
119779
119803
119808
119812
119813
119821
119829
119835
119839
119844
119845
119846
119861
119874
119876
119878
119890
119919
119928
119936
119939
119943
119957
119958
119981
120008
120010
120027
120031
120036
120039
120042
120046
120051
120058
120066
120071
120078
120081
120092
120097
120100
120104
120131
120132
120134
120156
120167
120173
120184
120187
120190
120197
120223
120225
120232
120235
120251
120268
120270
120277
120279
120281
120293
120300
120306
120308
120328
120352
120376
120379
120381
120388
120392
120404
120406
120421
120431
120437
120439
120447
120461
120466
120467
120491
120492
120501
120514
120520
120540
120551
120556
120557
120563
120568
120575
120588
120596
120630
120635
120636
120641
120647
120663
120713
120719
120721
120728
120755
120759
120760
120761
120780
120793
120801
120806
120807
120821
120874
120893
120935
120944
120966
120984
120986
120987
121029
121030
121079
121091
121099
121130
121132
121141
121152
121162
121186
121188
121189
121221
121225
121226
121244
121308
121323
121330
121347
121362
121375
121386
121399
121417
121423
121440
121453
121491
121525
121551
121560
121568
121569
121584
121616
121643
121663
121678
121684
121690
121696
121714
121723
121754
121757
121765
121773
121776
121793
121820
121831
121847
121858
121863
121865
121871
121877
121893
121897
121900
121914
121919
121920
121921
121922
121944
121950
121966
121967
121989
122004
122015
122033
122049
122051
122063
122071
122093
122096
122101
122120
122129
122130
122137
122142
122151
122165
122187
122207
122228
122231
122235
122237
122243
122268
122273
122275
122282
122312
122316
122323
122327
122334
122354
122392
122394
122401
122411
122425
122429
122437
122439
122447
122449
122459
122468
122474
122475
122478
122481
122483
122488
122501
122507
122511
122517
122556
122578
122607
122613
122629
122638
122648
122659
122675
122685
122688
122695
122700
122708
122729
122732
122734
122744
122752
122754
122762
122771
122783
122788
122790
122791
122801
122831
122835
122837
122860
122869
122900
122904
122929
122946
122971
122986
122993
123044
123047
123057
123081
123100
123107
123118
123148
123161
123165
123221
123268
123270
123277
123316
123333
123336
123372
123378
123383
123385
123386
123393
123399
123406
123415
123462
123468
123476
123490
123494
123495
123534
123548
123572
123584
123585
123606
123607
123608
123618
123655
123660
123666
123673
123678
123679
123686
123699
123701
123710
123722
123723
123724
123726
123753
123771
123776
123840
123844
123883
123896
123897
123915
123917
123923
123924
123972
123976
123987
124026
124039
124067
124082
124083
124099
124111
124124
124129
124138
124148
124157
124164
124167
124180
124182
124199
124204
124207
124225
124230
124234
124261
124272
124281
124288
124291
124296
124322
124329
124330
124332
124336
124343
124351
124367
124378
124381
124399
124404
124432
124500
124505
124538
124543
124548
124550
124553
124569
124601
124605
124608
124629
124644
124666
124669
124692
124697
124705
124711
124719
124730
124787
124788
124789
124791
124793
124800
124818
124838
124855
124877
124905
124925
124929
124930
124931
124932
124934
124938
124942
124955
124959
124962
124967
124969
124970
125002
125011
125015
125020
125023
125054
125063
125068
125071
125074
125087
125112
125117
125142
125154
125158
125162
125185
125187
125195
125196
125223
125226
125227
125229
125242
125263
125271
125275
125283
125295
125301
125315
125322
125323
125325
125345
125346
125349
125353
125359
125360
125379
125398
125421
125423
125426
125432
125435
125438
125469
125484
125509
125510
125526
125529
125530
125533
125541
125543
125569
125571
125573
125591
125595
125604
125605
125619
125643
125651
125657
125667
125695
125705
125729
125733
125738
125739
125747
125778
125780
125783
125792
125809
125814
125820
125824
125825
125835
125848
125849
125850
125852
125854
125867
125886
125902
125921
125940
125952
125968
125979
125988
126015
126017
126018
126029
126070
126074
126104
126124
126126
126131
126135
126192
126208
126217
126233
126251
126303
126312
126326
126330
126344
126352
126360
126362
126374
126380
126381
126430
126448
126465
126469
126470
126472
126483
126489
126492
126500
126512
126531
126533
126546
126548
126581
126586
126593
126600
126602
126603
126604
126606
126611
126623
126627
126630
126633
126642
126646
126650
